0.2044816 0.7937366 0.0017818
0.2317677 0.7681301 0.0001022
0.1774316 0.8224663 0.0001021
0.2766514 0.7232463 0.0001022
0.1545094 0.8453885 0.0001021
0.1584879 0.8414099 0.0001022
0.1426897 0.8572083 0.0001020
0.1399405 0.8599575 0.0001020
0.1275940 0.8723038 0.0001022
0.1426968 0.8572009 0.0001022
0.1190394 0.8808584 0.0001022
0.1153523 0.8845456 0.0001021
0.1420777 0.8578202 0.0001021
0.1424626 0.8574351 0.0001022
0.2760374 0.7238603 0.0001023
0.2579896 0.7419080 0.0001023
0.0001009 0.4472911 0.5526080
0.0001011 0.5431910 0.4567079
0.0001013 0.5681789 0.4317198
0.0000996 0.5083102 0.4915902
0.0000987 0.4610129 0.5388883
0.0000996 0.5757679 0.4241326
0.0000996 0.5111682 0.4887322
0.0001003 0.5070152 0.4928844
0.7324280 0.2674702 0.0001018
0.7322581 0.2544237 0.0133182
0.7271518 0.2727463 0.0001019
0.7472815 0.2402484 0.0124701
0.7834604 0.2164377 0.0001019
0.8463908 0.1535075 0.0001016
0.8145538 0.1853447 0.0001015
0.8183993 0.1814989 0.0001018
0.7962148 0.2036834 0.0001018
0.6615130 0.2654773 0.0730097
0.7264646 0.2002312 0.0733042
0.7500238 0.2498743 0.0001018
0.7596369 0.2262443 0.0141189
0.7795549 0.2079826 0.0124625
0.7661861 0.2321158 0.0016982
0.7748508 0.2110495 0.0140997
0.5635343 0.3222029 0.1142629
0.7042643 0.2166043 0.0791314
0.8131577 0.1536571 0.0331851
0.6367342 0.2367381 0.1265277
0.5781467 0.3223985 0.0994548
0.7248635 0.2492442 0.0258923
0.6981056 0.2182506 0.0836437
0.9581214 0.0078622 0.0340164
0.4351431 0.0774792 0.4873778
0.6546068 0.1460949 0.1992984
0.6055322 0.1242690 0.2701987
0.5353845 0.1476209 0.3169946
0.6699872 0.0917241 0.2382887
0.5933108 0.2100642 0.1966251
0.7304165 0.0757127 0.1938708
0.5700629 0.1181564 0.3117806
0.6240476 0.0473673 0.3285851
0.6133302 0.1078794 0.2787903
0.9103392 0.0606508 0.0290100
0.6830793 0.1045288 0.2123919
0.9507996 0.0424413 0.0067591
0.9783693 0.0001011 0.0215296
0.9768100 0.0001011 0.0230889
0.7726633 0.0992796 0.1280571
0.7923384 0.0507392 0.1569224
0.7378045 0.1475326 0.1146629
0.7435647 0.0302332 0.2262021
0.9449259 0.0208139 0.0342602
0.8086060 0.0001016 0.1912924
0.7508018 0.2030106 0.0461876
0.7372447 0.0251803 0.2375750
0.5698808 0.0479661 0.3821531
0.6026659 0.0314285 0.3659056
0.5879331 0.1941538 0.2179131
0.6695644 0.0969522 0.2334834
0.6544408 0.1189717 0.2265875
0.5829366 0.1069652 0.3100982
0.5217097 0.0374141 0.4408762
0.5477982 0.1466613 0.3055405
0.2621537 0.0001008 0.7377455
0.2378304 0.0001007 0.7620690
0.7182084 0.0189844 0.2628072
0.6248169 0.0671575 0.3080255
0.6803131 0.1004769 0.2192101
0.5256430 0.0001016 0.4742553
0.6127328 0.0329783 0.3542889
0.0001002 0.0001002 0.9997996
0.6161664 0.0387685 0.3450651
0.4514765 0.0001023 0.5484212
0.6070407 0.0000995 0.3928598
0.6077560 0.0000996 0.3921444
0.6605817 0.0590959 0.2803224
0.1644033 0.0363630 0.7992338
0.6547684 0.0234034 0.3218282
0.1169361 0.0001009 0.8829629
