0.1475158 0.0042401 0.0279144 0.8203297
0.1815303 0.0001022 0.0231774 0.7951902
0.1157829 0.0001020 0.0278851 0.8562299
0.1985814 0.0001022 0.0500129 0.7513036
0.0971021 0.0001020 0.0237744 0.8790215
0.1326655 0.0001020 0.0001020 0.8671304
0.0863958 0.0001019 0.0202606 0.8932418
0.0992267 0.0001019 0.0070519 0.8936195
0.0978420 0.0001020 0.0001020 0.9019540
0.0987295 0.0001021 0.0123140 0.8888544
0.0649181 0.0001021 0.0221711 0.9128087
0.0798058 0.0001020 0.0028911 0.9172011
0.1060455 0.0001020 0.0040227 0.8898298
0.0952100 0.0001021 0.0164688 0.8882191
0.2176194 0.0001023 0.0341716 0.7481067
0.2245205 0.0001022 0.0127233 0.7626539
0.0001015 0.5853443 0.0001015 0.4144526
0.0001009 0.4566914 0.0001009 0.5431067
0.0001013 0.4353124 0.0001013 0.5644851
0.0000994 0.4842218 0.0066484 0.5090305
0.0000991 0.5570107 0.0000991 0.4427910
0.0000994 0.4231714 0.0000994 0.5766299
0.0000999 0.5059549 0.0000999 0.4938452
0.0001006 0.5083616 0.0001006 0.4914372
0.6457246 0.0001019 0.0939623 0.2602111
0.6580204 0.0168147 0.0816319 0.2435329
0.6371203 0.0001020 0.0967672 0.2660104
0.7107958 0.0349936 0.0387044 0.2155062
0.7268356 0.0051983 0.0686931 0.1992730
0.7340325 0.0001018 0.1244290 0.1414367
0.6985756 0.0001016 0.1209087 0.1804141
0.7960424 0.0241324 0.0308249 0.1490003
0.6183307 0.0001020 0.1772340 0.2043333
0.4809190 0.0299539 0.2098089 0.2793182
0.5793676 0.0425436 0.1759659 0.2021230
0.6361688 0.0001019 0.1163271 0.2474022
0.6138365 0.0001022 0.1614477 0.2246136
0.5742900 0.0001022 0.2144164 0.2111913
0.5702545 0.0001021 0.1952712 0.2343722
0.5967958 0.0001022 0.1905964 0.2125056
0.5837653 0.1453838 0.0001016 0.2707493
0.7122400 0.1156242 0.0001017 0.1720341
0.5748772 0.0001023 0.2634218 0.1615986
0.4554798 0.0783184 0.2173471 0.2488547
0.4511464 0.0740365 0.1458506 0.3289665
0.7188922 0.0648985 0.0018517 0.2143575
0.6670578 0.1027610 0.0364075 0.1937738
0.4497505 0.0001024 0.5098546 0.0402925
0.2593355 0.4213186 0.2446146 0.0747314
0.4207264 0.1240205 0.2936415 0.1616116
0.4605093 0.2308080 0.1874284 0.1212543
0.4972681 0.3166276 0.0665610 0.1195434
0.4569781 0.1731066 0.2702132 0.0997021
0.5315785 0.1929665 0.0815224 0.1939326
0.5835580 0.1570722 0.1919179 0.0674520
0.3755156 0.2465531 0.2559612 0.1219700
0.5240629 0.3062822 0.1408871 0.0287679
0.5076592 0.2540723 0.1456394 0.0926291
0.8443515 0.0433601 0.0776273 0.0346611
0.6212798 0.2125047 0.0843782 0.0818373
0.9360777 0.0637220 0.0001001 0.0001001
0.9216133 0.0781912 0.0000978 0.0000978
0.9187915 0.0810131 0.0000977 0.0000977
0.4882390 0.0380666 0.3517820 0.1219124
0.4760530 0.0536660 0.3924494 0.0778316
0.5217307 0.0508375 0.2696732 0.1577586
0.4939256 0.1430074 0.3269884 0.0360786
0.4413853 0.0001024 0.5057833 0.0527289
0.5391211 0.1001512 0.3606252 0.0001025
0.6024730 0.0163129 0.1769633 0.2042508
0.5528187 0.1829170 0.2444353 0.0198290
0.5517986 0.3888566 0.0507797 0.0085651
0.4694009 0.3255722 0.1878031 0.0172238
0.4676168 0.1893981 0.1530882 0.1898970
0.5420655 0.2038947 0.1662287 0.0878110
0.6168751 0.2348021 0.0573173 0.0910056
0.5515553 0.3155261 0.0544971 0.0784215
0.2961016 0.3572656 0.3062724 0.0403604
0.4369924 0.2775683 0.1479264 0.1375129
0.1855830 0.6959463 0.1183702 0.0001004
0.1802116 0.7252386 0.0944497 0.0001001
0.7039757 0.2823869 0.0135357 0.0001016
0.4894978 0.2691046 0.1868618 0.0545357
0.6142274 0.2159303 0.0943586 0.0754837
0.3878657 0.4253361 0.1866966 0.0001016
0.5247936 0.3347999 0.1311456 0.0092609
0.0000989 0.9536070 0.0461952 0.0000989
0.4519752 0.2939149 0.2228847 0.0312252
0.2448338 0.4666413 0.2884221 0.0001028
0.0000978 0.0604216 0.9393828 0.0000978
0.0000978 0.0585573 0.9412472 0.0000978
0.3967287 0.1904740 0.3384054 0.0743918
0.1327832 0.7725518 0.0943863 0.0002786
0.4939017 0.2703609 0.2233811 0.0123564
0.0002831 0.8170097 0.1826064 0.0001009
