0.8504097 0.1072927 0.0690335 0.0957734 0.0677334 0.0649095 0.0682943 0.0707231 0.0640861 0.0604646 0.0611830 0.0687713 0.0578595 0.0580841 0.0611265 0.0603814 -0.0489628 -0.0288855 -0.0256602 -0.0415209 -0.0480329 -0.0203821 -0.0404307 -0.0328696 0.0299025 0.0248634 0.0271093 0.0151109 0.0240286 0.0220652 0.0322492 0.0232536 0.0249558 0.0247796 0.0116072 0.0302607 0.0211549 0.0218849 0.0246506 0.0176234 0.0069525 0.0088542 0.0131724 0.0027285 0.0145199 0.0197239 0.0108506 0.0078262 -0.0616051 -0.0122215 -0.0243683 -0.0313569 -0.0248682 -0.0100121 -0.0164313 -0.0295353 -0.0372422 -0.0283435 0.0092054 -0.0182364 0.0136485 0.0037663 0.0049874 -0.0000141 -0.0141295 0.0021057 -0.0216171 0.0061923 -0.0209770 0.0131803 -0.0224896 -0.0460641 -0.0446826 -0.0122035 -0.0224894 -0.0209626 -0.0294449 -0.0537593 -0.0299209 -0.1103724 -0.1145556 -0.0302834 -0.0349116 -0.0168092 -0.0644226 -0.0467993 -0.1570844 -0.0402545 -0.0731582 -0.0615200 -0.0610731 -0.0277369 -0.1103766 -0.0335893 -0.1399482
0.1072927 0.8428990 0.0653723 0.1026601 0.0679833 0.0666867 0.0707306 0.0710495 0.0656014 0.0644715 0.0656926 0.0686369 0.0640443 0.0610759 0.0598729 0.0652178 -0.0565310 -0.0290436 -0.0265409 -0.0404497 -0.0536653 -0.0239645 -0.0408190 -0.0433482 0.0303148 0.0221121 0.0282447 0.0205797 0.0257347 0.0282900 0.0328249 0.0256851 0.0247499 0.0258784 0.0143774 0.0318061 0.0195766 0.0252964 0.0241440 0.0222152 0.0066692 0.0118149 0.0132177 0.0029265 0.0119699 0.0215402 0.0071121 0.0024555 -0.0628580 -0.0067887 -0.0258550 -0.0339435 -0.0233251 -0.0115853 -0.0173078 -0.0294327 -0.0401818 -0.0286036 0.0119606 -0.0169487 0.0133932 0.0074870 0.0081168 -0.0010029 -0.0104258 0.0027515 -0.0199526 0.0036139 -0.0220929 0.0152687 -0.0265506 -0.0499582 -0.0440425 -0.0150707 -0.0222432 -0.0162688 -0.0305175 -0.0553628 -0.0289960 -0.1173571 -0.1189075 -0.0313349 -0.0365413 -0.0208575 -0.0703921 -0.0453788 -0.1629578 -0.0378752 -0.0762002 -0.0636305 -0.0633577 -0.0272164 -0.1165636 -0.0320985 -0.1438440
0.0690335 0.0653723 0.8406672 0.0646122 0.1092613 0.1044142 0.1260645 0.1089246 0.0683755 0.0668330 0.0630845 0.0669190 0.0669461 0.0636560 0.0678181 0.0638893 -0.0560362 -0.0355094 -0.0258885 -0.0471832 -0.0560084 -0.0268733 -0.0445467 -0.0446130 0.0295587 0.0233036 0.0331086 0.0237090 0.0246895 0.0297368 0.0385739 0.0210876 0.0327267 0.0281420 0.0147779 0.0376953 0.0241998 0.0224509 0.0277676 0.0273775 0.0105777 0.0107030 0.0158149 0.0021604 0.0154399 0.0247384 0.0087319 0.0059938 -0.0666819 -0.0115554 -0.0227212 -0.0376531 -0.0224799 -0.0104375 -0.0185934 -0.0313587 -0.0380903 -0.0302368 0.0074212 -0.0201178 0.0147805 0.0038991 0.0073412 -0.0036639 -0.0161450 -0.0035064 -0.0231875 0.0063195 -0.0251318 0.0121364 -0.0267781 -0.0485801 -0.0483172 -0.0107953 -0.0183031 -0.0209493 -0.0344879 -0.0595525 -0.0298771 -0.1242244 -0.1301791 -0.0305584 -0.0338708 -0.0221384 -0.0738385 -0.0444489 -0.1714671 -0.0487551 -0.0821260 -0.0634758 -0.0633657 -0.0313742 -0.1227116 -0.0409001 -0.1521870
0.0957734 0.1026601 0.0646122 0.8573727 0.0638893 0.0622277 0.0650922 0.0688496 0.0634240 0.0579874 0.0618910 0.0613489 0.0579898 0.0570258 0.0599138 0.0608380 -0.0522398 -0.0312557 -0.0264888 -0.0443363 -0.0522622 -0.0279452 -0.0412417 -0.0374362 0.0303698 0.0220426 0.0302720 0.0237865 0.0286866 0.0274049 0.0363804 0.0244412 0.0271130 0.0249675 0.0157037 0.0311832 0.0221195 0.0266621 0.0266974 0.0214322 0.0103029 0.0119007 0.0216565 0.0041442 0.0156487 0.0205527 0.0106387 0.0074524 -0.0598390 -0.0086952 -0.0203062 -0.0340258 -0.0220661 -0.0118517 -0.0118143 -0.0287976 -0.0381669 -0.0269315 0.0122129 -0.0115638 0.0132445 0.0057749 0.0081147 0.0013193 -0.0075191 0.0008666 -0.0236271 0.0086615 -0.0221218 0.0174058 -0.0244801 -0.0449955 -0.0463977 -0.0104176 -0.0197563 -0.0169938 -0.0307226 -0.0523715 -0.0284707 -0.1152928 -0.1181421 -0.0294835 -0.0293763 -0.0176488 -0.0691653 -0.0457656 -0.1620174 -0.0370342 -0.0769033 -0.0597012 -0.0602777 -0.0249601 -0.1154806 -0.0337756 -0.1410866
0.0677334 0.0679833 0.1092613 0.0638893 0.8559763 0.1177350 0.1223441 0.1174933 0.0689493 0.0640732 0.0641431 0.0666758 0.0669881 0.0650265 0.0609204 0.0640557 -0.0596470 -0.0331994 -0.0301444 -0.0471291 -0.0568564 -0.0250538 -0.0463244 -0.0439776 0.0347953 0.0256239 0.0332583 0.0214217 0.0259861 0.0291568 0.0406196 0.0259873 0.0308349 0.0282815 0.0122981 0.0370739 0.0229539 0.0260828 0.0310130 0.0248787 0.0148540 0.0134220 0.0157240 0.0051464 0.0149008 0.0221062 0.0103713 0.0059375 -0.0652050 -0.0100308 -0.0270721 -0.0330250 -0.0231628 -0.0077679 -0.0173199 -0.0327884 -0.0389833 -0.0307186 0.0091477 -0.0239698 0.0150031 0.0080114 0.0086115 -0.0031268 -0.0097836 0.0019281 -0.0236196 0.0054789 -0.0221554 0.0184225 -0.0257284 -0.0502775 -0.0526914 -0.0093679 -0.0177164 -0.0199048 -0.0331466 -0.0597495 -0.0308193 -0.1282649 -0.1328508 -0.0297904 -0.0359972 -0.0239863 -0.0718915 -0.0445641 -0.1727934 -0.0461195 -0.0825725 -0.0647402 -0.0649864 -0.0293135 -0.1268664 -0.0417071 -0.1512604
0.0649095 0.0666867 0.1044142 0.0622277 0.1177350 0.8463933 0.1155443 0.1126873 0.0683113 0.0629596 0.0627393 0.0661677 0.0642182 0.0616487 0.0612679 0.0655095 -0.0565878 -0.0327013 -0.0307745 -0.0458463 -0.0523016 -0.0242596 -0.0424918 -0.0417550 0.0325068 0.0255634 0.0321665 0.0241374 0.0285119 0.0292939 0.0354004 0.0230189 0.0314095 0.0276035 0.0107996 0.0327743 0.0174687 0.0220039 0.0208547 0.0229234 0.0128149 0.0126092 0.0169850 0.0041150 0.0152063 0.0231275 0.0109112 0.0005771 -0.0639706 -0.0130902 -0.0287103 -0.0321205 -0.0233148 -0.0099909 -0.0206070 -0.0291641 -0.0439600 -0.0319904 0.0069068 -0.0211162 0.0149527 0.0039603 0.0066543 -0.0016837 -0.0122917 0.0016430 -0.0245881 0.0011472 -0.0205361 0.0133977 -0.0284125 -0.0500604 -0.0509856 -0.0100912 -0.0212927 -0.0202516 -0.0313125 -0.0605738 -0.0290741 -0.1224057 -0.1291040 -0.0298569 -0.0339937 -0.0224436 -0.0705683 -0.0422177 -0.1671803 -0.0458776 -0.0774760 -0.0686014 -0.0685429 -0.0287125 -0.1197015 -0.0423859 -0.1436926
0.0682943 0.0707306 0.1260645 0.0650922 0.1223441 0.1155443 0.8407568 0.1248811 0.0694496 0.0701147 0.0678050 0.0725488 0.0685779 0.0675571 0.0625592 0.0669401 -0.0617653 -0.0329799 -0.0258886 -0.0416817 -0.0574599 -0.0251107 -0.0460242 -0.0452868 0.0309629 0.0255876 0.0323552 0.0227077 0.0256038 0.0302004 0.0368761 0.0252852 0.0315469 0.0293697 0.0152743 0.0369961 0.0185811 0.0242955 0.0269423 0.0279453 0.0128935 0.0130521 0.0148460 0.0020780 0.0118711 0.0216081 0.0073177 0.0026317 -0.0668916 -0.0126016 -0.0273361 -0.0382751 -0.0257221 -0.0112439 -0.0241089 -0.0325976 -0.0391520 -0.0320574 0.0048526 -0.0264233 0.0115750 0.0039606 0.0045798 -0.0013335 -0.0118967 0.0017552 -0.0230214 0.0040405 -0.0273268 0.0135458 -0.0308482 -0.0529724 -0.0519381 -0.0120619 -0.0199464 -0.0182304 -0.0334230 -0.0603355 -0.0323504 -0.1276662 -0.1333202 -0.0315271 -0.0346476 -0.0255626 -0.0748778 -0.0454609 -0.1767437 -0.0478173 -0.0861579 -0.0665439 -0.0686273 -0.0311030 -0.1282056 -0.0457693 -0.1578970
0.0707231 0.0710495 0.1089246 0.0688496 0.1174933 0.1126873 0.1248811 0.8498590 0.0727475 0.0687625 0.0677670 0.0759313 0.0662561 0.0672114 0.0675407 0.0669838 -0.0598052 -0.0352415 -0.0268657 -0.0454366 -0.0569237 -0.0267890 -0.0456259 -0.0503315 0.0319978 0.0294498 0.0332413 0.0243398 0.0263274 0.0268319 0.0391785 0.0261544 0.0325269 0.0291476 0.0148003 0.0386657 0.0223223 0.0247068 0.0279485 0.0262959 0.0154987 0.0122957 0.0170569 0.0048477 0.0134062 0.0272648 0.0106973 0.0066090 -0.0681334 -0.0108779 -0.0301062 -0.0323504 -0.0268057 -0.0099583 -0.0178213 -0.0334557 -0.0419111 -0.0356154 0.0075633 -0.0212238 0.0147877 0.0054760 0.0069296 -0.0036284 -0.0142800 0.0034279 -0.0261684 0.0039808 -0.0229395 0.0188904 -0.0282831 -0.0498266 -0.0512505 -0.0085841 -0.0208939 -0.0198386 -0.0319414 -0.0626188 -0.0334763 -0.1302456 -0.1347304 -0.0328552 -0.0352978 -0.0228274 -0.0723966 -0.0464201 -0.1785659 -0.0426420 -0.0839786 -0.0682820 -0.0691096 -0.0310603 -0.1292121 -0.0416284 -0.1533371
0.0640861 0.0656014 0.0683755 0.0634240 0.0689493 0.0683113 0.0694496 0.0727475 0.8723952 0.0985448 0.1067430 0.0992052 0.1013552 0.0966711 0.0678887 0.0707706 -0.0582205 -0.0332678 -0.0295142 -0.0440920 -0.0567307 -0.0309065 -0.0441964 -0.0428816 0.0360240 0.0275759 0.0333025 0.0267090 0.0284901 0.0322179 0.0400607 0.0284363 0.0303322 0.0278356 0.0129712 0.0372725 0.0242411 0.0262166 0.0257821 0.0241102 0.0135541 0.0109786 0.0167653 0.0089090 0.0185204 0.0261071 0.0142165 0.0099798 -0.0634867 -0.0099613 -0.0229510 -0.0372640 -0.0254296 -0.0106191 -0.0115498 -0.0320874 -0.0417142 -0.0269231 0.0095790 -0.0182259 0.0177709 0.0092924 0.0108548 -0.0005463 -0.0103244 0.0065721 -0.0224997 0.0100654 -0.0201459 0.0195264 -0.0258320 -0.0493451 -0.0443079 -0.0115917 -0.0193681 -0.0212105 -0.0389788 -0.0594465 -0.0290557 -0.1258694 -0.1292574 -0.0293787 -0.0380356 -0.0193934 -0.0749890 -0.0460451 -0.1713498 -0.0415756 -0.0827582 -0.0713331 -0.0695721 -0.0292522 -0.1284838 -0.0390129 -0.1537585
0.0604646 0.0644715 0.0668330 0.0579874 0.0640732 0.0629596 0.0701147 0.0687625 0.0985448 0.8527218 0.0999124 0.1049013 0.1156853 0.1028521 0.0648376 0.0679793 -0.0605053 -0.0315009 -0.0312377 -0.0421781 -0.0576731 -0.0270602 -0.0448074 -0.0429944 0.0296837 0.0270672 0.0295417 0.0234587 0.0237013 0.0275158 0.0318370 0.0239414 0.0288669 0.0273435 0.0120594 0.0372274 0.0199057 0.0247216 0.0287453 0.0243169 0.0076715 0.0089234 0.0156832 0.0071564 0.0158938 0.0222122 0.0091772 0.0087794 -0.0668695 -0.0093117 -0.0253912 -0.0332608 -0.0264411 -0.0082032 -0.0176165 -0.0295154 -0.0383133 -0.0292800 0.0061593 -0.0181261 0.0136041 0.0060049 0.0072188 -0.0052794 -0.0111298 0.0026557 -0.0250229 0.0072209 -0.0231694 0.0131436 -0.0285650 -0.0486738 -0.0462001 -0.0143297 -0.0221335 -0.0178270 -0.0340571 -0.0597706 -0.0309535 -0.1211356 -0.1246798 -0.0307320 -0.0348985 -0.0188992 -0.0746970 -0.0437456 -0.1672244 -0.0440175 -0.0798805 -0.0682516 -0.0691894 -0.0285508 -0.1227128 -0.0405383 -0.1490644
0.0611830 0.0656926 0.0630845 0.0618910 0.0641431 0.0627393 0.0678050 0.0677670 0.1067430 0.0999124 0.8722789 0.1138747 0.1037642 0.1014395 0.0692648 0.0686469 -0.0588061 -0.0352274 -0.0270867 -0.0458180 -0.0559178 -0.0291178 -0.0430577 -0.0461062 0.0330902 0.0252557 0.0314353 0.0280088 0.0283505 0.0279432 0.0374244 0.0251681 0.0314048 0.0272885 0.0144280 0.0379769 0.0250457 0.0249104 0.0289247 0.0243067 0.0139606 0.0105318 0.0169961 0.0073613 0.0157325 0.0261507 0.0099335 0.0082464 -0.0643063 -0.0111061 -0.0225299 -0.0342328 -0.0244963 -0.0092921 -0.0137845 -0.0329552 -0.0424918 -0.0254262 0.0114463 -0.0168813 0.0139866 0.0056402 0.0055164 -0.0005945 -0.0126740 0.0030115 -0.0218838 0.0076468 -0.0232688 0.0150803 -0.0257667 -0.0495704 -0.0464428 -0.0129853 -0.0193193 -0.0211560 -0.0363343 -0.0595101 -0.0324599 -0.1223650 -0.1256863 -0.0308593 -0.0328516 -0.0196818 -0.0742889 -0.0459698 -0.1681167 -0.0424949 -0.0854055 -0.0672809 -0.0665581 -0.0259940 -0.1275943 -0.0385365 -0.1530668
0.0687713 0.0686369 0.0669190 0.0613489 0.0666758 0.0661677 0.0725488 0.0759313 0.0992052 0.1049013 0.1138747 0.8606207 0.1076266 0.1022752 0.0658198 0.0714073 -0.0606828 -0.0309429 -0.0284986 -0.0451342 -0.0587550 -0.0268939 -0.0406525 -0.0443257 0.0294695 0.0233300 0.0290483 0.0223803 0.0250562 0.0287142 0.0348844 0.0233033 0.0287465 0.0280969 0.0142220 0.0384381 0.0229999 0.0233931 0.0261659 0.0196953 0.0130940 0.0086321 0.0205777 0.0045596 0.0192182 0.0219299 0.0120124 0.0057710 -0.0703186 -0.0118683 -0.0231508 -0.0344621 -0.0236886 -0.0065291 -0.0171425 -0.0339922 -0.0426107 -0.0240007 0.0098054 -0.0237695 0.0132995 0.0056596 0.0062304 -0.0057351 -0.0118206 0.0015184 -0.0210283 0.0053714 -0.0213484 0.0165614 -0.0253084 -0.0509557 -0.0483125 -0.0186273 -0.0245621 -0.0198377 -0.0379164 -0.0624268 -0.0281881 -0.1228301 -0.1262284 -0.0314416 -0.0364921 -0.0235792 -0.0777231 -0.0470281 -0.1676219 -0.0427223 -0.0841883 -0.0714535 -0.0702320 -0.0316131 -0.1241088 -0.0388183 -0.1547310
0.0578595 0.0640443 0.0669461 0.0579898 0.0669881 0.0642182 0.0685779 0.0662561 0.1013552 0.1156853 0.1037642 0.1076266 0.8560557 0.1102646 0.0682404 0.0696319 -0.0625683 -0.0317909 -0.0279037 -0.0454333 -0.0597011 -0.0250485 -0.0431584 -0.0444083 0.0313410 0.0233201 0.0341893 0.0237827 0.0266643 0.0278507 0.0366452 0.0249605 0.0309066 0.0279222 0.0102085 0.0375835 0.0240455 0.0260295 0.0278857 0.0212042 0.0082708 0.0074354 0.0139252 0.0102085 0.0148352 0.0208851 0.0129261 0.0049862 -0.0662298 -0.0100236 -0.0277138 -0.0295033 -0.0218157 -0.0134062 -0.0148764 -0.0327995 -0.0414397 -0.0286561 0.0108354 -0.0205798 0.0147689 0.0038845 0.0067781 -0.0090790 -0.0100753 0.0038716 -0.0246045 0.0045451 -0.0227776 0.0158265 -0.0274094 -0.0484984 -0.0494663 -0.0128726 -0.0215385 -0.0193112 -0.0356085 -0.0601260 -0.0285195 -0.1265116 -0.1266998 -0.0326446 -0.0374866 -0.0228230 -0.0773981 -0.0472090 -0.1693460 -0.0447607 -0.0835568 -0.0698752 -0.0702408 -0.0302330 -0.1258520 -0.0412503 -0.1514498
0.0580841 0.0610759 0.0636560 0.0570258 0.0650265 0.0616487 0.0675571 0.0672114 0.0966711 0.1028521 0.1014395 0.1022752 0.1102646 0.8553649 0.0668779 0.0606076 -0.0553324 -0.0286696 -0.0235495 -0.0452573 -0.0569264 -0.0240647 -0.0425954 -0.0404874 0.0318202 0.0210119 0.0289894 0.0238375 0.0260864 0.0261098 0.0318424 0.0231518 0.0249445 0.0270820 0.0128116 0.0363875 0.0233516 0.0227487 0.0232702 0.0255889 0.0114465 0.0087576 0.0173229 0.0077927 0.0143178 0.0247355 0.0109688 0.0087325 -0.0649278 -0.0113827 -0.0253712 -0.0367121 -0.0254913 -0.0138225 -0.0148207 -0.0287653 -0.0434290 -0.0289217 0.0087259 -0.0185645 0.0137494 0.0028643 0.0046736 -0.0023174 -0.0132581 0.0038706 -0.0225940 0.0074688 -0.0207130 0.0129182 -0.0269261 -0.0504109 -0.0465747 -0.0118614 -0.0208619 -0.0170713 -0.0331042 -0.0579059 -0.0299881 -0.1235829 -0.1220623 -0.0334026 -0.0333656 -0.0201354 -0.0771001 -0.0430753 -0.1667592 -0.0418544 -0.0849500 -0.0682405 -0.0678042 -0.0261894 -0.1246719 -0.0321483 -0.1494389
0.0611265 0.0598729 0.0678181 0.0599138 0.0609204 0.0612679 0.0625592 0.0675407 0.0678887 0.0648376 0.0692648 0.0658198 0.0682404 0.0668779 0.8520274 0.0658494 -0.0500573 -0.0281704 -0.0232917 -0.0441875 -0.0521995 -0.0194912 -0.0392460 -0.0398071 0.0285081 0.0236453 0.0323734 0.0232737 0.0251209 0.0283100 0.0375311 0.0219632 0.0279640 0.0251108 0.0158758 0.0325739 0.0205492 0.0267713 0.0254565 0.0258982 0.0056431 0.0112650 0.0147819 0.0079770 0.0153572 0.0244385 0.0066250 0.0089811 -0.0592325 -0.0076200 -0.0204712 -0.0322125 -0.0204959 -0.0075028 -0.0116941 -0.0272450 -0.0356349 -0.0222372 0.0117022 -0.0157372 0.0129204 0.0045749 0.0046837 -0.0062132 -0.0119313 -0.0034762 -0.0202575 0.0079286 -0.0239228 0.0142304 -0.0219581 -0.0436783 -0.0424894 -0.0156769 -0.0200849 -0.0202272 -0.0358765 -0.0529298 -0.0300458 -0.1114945 -0.1174875 -0.0250115 -0.0255032 -0.0177885 -0.0661602 -0.0406338 -0.1581534 -0.0398078 -0.0747838 -0.0620932 -0.0607846 -0.0278565 -0.1112103 -0.0371080 -0.1381927
0.0603814 0.0652178 0.0638893 0.0608380 0.0640557 0.0655095 0.0669401 0.0669838 0.0707706 0.0679793 0.0686469 0.0714073 0.0696319 0.0606076 0.0658494 0.8597317 -0.0579109 -0.0344041 -0.0289831 -0.0401449 -0.0516680 -0.0215946 -0.0412736 -0.0399935 0.0304811 0.0296352 0.0313582 0.0237515 0.0277271 0.0297567 0.0382164 0.0294973 0.0356014 0.0248088 0.0181634 0.0371038 0.0228420 0.0265408 0.0261712 0.0213721 0.0111417 0.0125125 0.0217686 0.0049595 0.0138069 0.0251392 0.0131574 0.0055379 -0.0595595 -0.0100817 -0.0199052 -0.0334554 -0.0222024 -0.0093051 -0.0169500 -0.0297647 -0.0382840 -0.0221546 0.0087754 -0.0147041 0.0151142 0.0056406 0.0068796 -0.0033670 -0.0077761 0.0023983 -0.0202284 0.0056838 -0.0244666 0.0144665 -0.0214500 -0.0463304 -0.0442166 -0.0085952 -0.0199420 -0.0148878 -0.0314010 -0.0570485 -0.0270682 -0.1128924 -0.1171869 -0.0262992 -0.0323298 -0.0191664 -0.0670589 -0.0441777 -0.1610663 -0.0390159 -0.0726329 -0.0648356 -0.0634425 -0.0253587 -0.0954599 -0.0410249 -0.1437387
-0.0489628 -0.0565310 -0.0560362 -0.0522398 -0.0596470 -0.0565878 -0.0617653 -0.0598052 -0.0582205 -0.0605053 -0.0588061 -0.0606828 -0.0625683 -0.0553324 -0.0500573 -0.0579109 1.0901295 0.0447878 0.0442784 0.0765059 0.0814531 0.0376153 0.0570329 0.0771775 -0.0494015 -0.0445759 -0.0496088 -0.0337475 -0.0485276 -0.0468463 -0.0606976 -0.0525234 -0.0567027 -0.0258079 -0.0241709 -0.0518874 -0.0325125 -0.0346769 -0.0444783 -0.0415069 -0.0159170 -0.0205203 -0.0394671 -0.0260593 -0.0335743 -0.0346403 -0.0191706 -0.0345070 0.0559334 -0.0144695 0.0052673 0.0215300 -0.0131741 -0.0019213 0.0069796 0.0128736 0.0296184 0.0081530 -0.0397517 -0.0018851 -0.0358554 -0.0375037 -0.0361026 -0.0212678 -0.0111928 -0.0190662 -0.0037417 -0.0330831 -0.0008635 -0.0342274 -0.0014624 0.0308085 0.0302372 -0.0017902 0.0023009 -0.0081569 0.0117084 0.0287131 0.0159793 0.1004990 0.1067694 0.0098625 0.0205834 -0.0016373 0.0575310 0.0177807 0.1566392 0.0231725 0.0665332 0.0229415 0.0242524 -0.0064154 0.1031526 0.0256832 0.1334390
-0.0288855 -0.0290436 -0.0355094 -0.0312557 -0.0331994 -0.0327013 -0.0329799 -0.0352415 -0.0332678 -0.0315009 -0.0352274 -0.0309429 -0.0317909 -0.0286696 -0.0281704 -0.0344041 0.0447878 1.0203197 0.0453065 0.0546752 0.0519339 0.0408905 0.0472668 0.0457899 -0.0312826 -0.0361195 -0.0348294 -0.0301366 -0.0292875 -0.0376015 -0.0422027 -0.0377153 -0.0370781 -0.0160073 -0.0273222 -0.0390588 -0.0269291 -0.0314922 -0.0349474 -0.0350856 -0.0143494 -0.0288782 -0.0252181 -0.0181948 -0.0172067 -0.0302287 -0.0234338 -0.0253696 0.0227600 -0.0146718 0.0016130 -0.0088020 -0.0120865 0.0004335 -0.0164525 0.0007665 0.0117540 0.0064855 -0.0280370 -0.0054524 -0.0339092 -0.0338551 -0.0328956 -0.0179524 -0.0084880 -0.0201848 -0.0055187 -0.0237278 -0.0137771 -0.0260778 -0.0091218 0.0148731 0.0131826 -0.0074274 -0.0046930 0.0059655 -0.0007235 0.0228771 0.0079051 0.0540536 0.0568228 0.0029992 0.0125269 -0.0073044 0.0302048 0.0185645 0.0965324 0.0012642 0.0313229 0.0143330 0.0160718 0.0022176 0.0675598 0.0009272 0.0879807
-0.0256602 -0.0265409 -0.0258885 -0.0264888 -0.0301444 -0.0307745 -0.0258886 -0.0268657 -0.0295142 -0.0312377 -0.0270867 -0.0284986 -0.0279037 -0.0235495 -0.0232917 -0.0289831 0.0442784 0.0453065 1.0135503 0.0515558 0.0573265 0.0367840 0.0408595 0.0426465 -0.0300325 -0.0248767 -0.0247298 -0.0281313 -0.0270377 -0.0352313 -0.0334585 -0.0322871 -0.0349012 -0.0136921 -0.0257374 -0.0261880 -0.0293778 -0.0301112 -0.0325033 -0.0274811 -0.0194026 -0.0228679 -0.0271500 -0.0180951 -0.0072072 -0.0237730 -0.0223558 -0.0193902 0.0273533 -0.0091747 0.0010700 -0.0063782 -0.0044619 -0.0046410 -0.0090074 0.0094076 -0.0001209 -0.0019477 -0.0273905 -0.0004642 -0.0330175 -0.0262433 -0.0263939 -0.0143578 -0.0126717 -0.0214734 -0.0070546 -0.0177563 -0.0212153 -0.0239529 -0.0143696 0.0014932 0.0042693 -0.0059129 -0.0060753 -0.0034860 0.0000339 0.0093438 0.0001707 0.0506489 0.0618921 -0.0037446 0.0119482 -0.0159126 0.0221293 0.0095862 0.0793747 0.0034880 0.0096588 0.0118466 0.0110508 -0.0013691 0.0566220 -0.0000329 0.0646959
-0.0415209 -0.0404497 -0.0471832 -0.0443363 -0.0471291 -0.0458463 -0.0416817 -0.0454366 -0.0440920 -0.0421781 -0.0458180 -0.0451342 -0.0454333 -0.0452573 -0.0441875 -0.0401449 0.0765059 0.0546752 0.0515558 1.0742387 0.0613114 0.0577625 0.0766278 0.0568770 -0.0402303 -0.0369275 -0.0426175 -0.0367707 -0.0427859 -0.0452493 -0.0529089 -0.0438137 -0.0453892 -0.0213879 -0.0301949 -0.0437542 -0.0241146 -0.0379561 -0.0389362 -0.0396684 -0.0310189 -0.0325009 -0.0382990 -0.0240761 -0.0248477 -0.0421736 -0.0351524 -0.0200765 0.0408386 -0.0046736 0.0094621 0.0135405 0.0055492 -0.0055278 -0.0097442 -0.0063837 0.0111842 0.0109515 -0.0333897 0.0051119 -0.0365787 -0.0344819 -0.0319511 -0.0249605 -0.0081577 -0.0246888 -0.0035032 -0.0196066 -0.0181522 -0.0265254 -0.0123979 0.0121331 0.0171398 0.0090124 0.0044668 -0.0125967 0.0023207 0.0215448 0.0016070 0.0780792 0.0621924 -0.0016573 -0.0062611 0.0029265 0.0245113 0.0120790 0.1310350 0.0173559 0.0501708 0.0301278 0.0316368 0.0061261 0.0890986 -0.0121017 0.1086984
-0.0480329 -0.0536653 -0.0560084 -0.0522622 -0.0568564 -0.0523016 -0.0574599 -0.0569237 -0.0567307 -0.0576731 -0.0559178 -0.0587550 -0.0597011 -0.0569264 -0.0521995 -0.0516680 0.0814531 0.0519339 0.0573265 0.0613114 1.1126016 0.0540009 0.0665873 0.0702010 -0.0477905 -0.0390467 -0.0397552 -0.0413459 -0.0456773 -0.0568905 -0.0525284 -0.0503523 -0.0551207 -0.0259309 -0.0335290 -0.0511001 -0.0452444 -0.0403766 -0.0464408 -0.0402032 -0.0203168 -0.0310205 -0.0421283 -0.0267478 -0.0262792 -0.0403519 -0.0280723 -0.0395290 0.0568722 -0.0059972 0.0033365 0.0256584 0.0052405 -0.0130304 -0.0148933 0.0090606 0.0196823 -0.0003431 -0.0441687 -0.0068404 -0.0426233 -0.0324592 -0.0312700 -0.0157764 -0.0111339 -0.0282711 -0.0017920 -0.0406051 -0.0078554 -0.0318657 0.0017254 0.0285602 0.0253158 -0.0010751 0.0037280 -0.0165390 0.0122613 0.0474125 0.0045409 0.0959724 0.1016083 0.0032689 0.0113873 0.0069526 0.0439691 0.0125294 0.1599495 0.0236223 0.0670392 0.0319012 0.0313987 0.0122141 0.1117646 0.0271918 0.1301070
-0.0203821 -0.0239645 -0.0268733 -0.0279452 -0.0250538 -0.0242596 -0.0251107 -0.0267890 -0.0309065 -0.0270602 -0.0291178 -0.0268939 -0.0250485 -0.0240647 -0.0194912 -0.0215946 0.0376153 0.0408905 0.0367840 0.0577625 0.0540009 1.0248852 0.0502676 0.0567463 -0.0362385 -0.0229151 -0.0314154 -0.0219524 -0.0354804 -0.0390251 -0.0387348 -0.0342487 -0.0373270 -0.0139396 -0.0217621 -0.0303050 -0.0294386 -0.0248258 -0.0367900 -0.0284139 -0.0239820 -0.0311183 -0.0279843 -0.0192096 -0.0203715 -0.0333866 -0.0267318 -0.0226153 0.0284020 -0.0153814 0.0050095 0.0076498 0.0063010 -0.0102397 -0.0192158 -0.0051921 -0.0015707 0.0070546 -0.0200349 0.0016971 -0.0368986 -0.0233527 -0.0224499 -0.0221654 -0.0231800 -0.0231721 -0.0120987 -0.0229423 -0.0169704 -0.0217134 -0.0180036 0.0035630 0.0047810 -0.0057238 -0.0051630 -0.0103491 -0.0000268 0.0262131 0.0199908 0.0506262 0.0431895 -0.0086667 -0.0051137 0.0010891 0.0153343 0.0083912 0.0791247 0.0049002 0.0212900 0.0152555 0.0166633 -0.0014932 0.0573952 -0.0048192 0.0686506
-0.0404307 -0.0408190 -0.0445467 -0.0412417 -0.0463244 -0.0424918 -0.0460242 -0.0456259 -0.0441964 -0.0448074 -0.0430577 -0.0406525 -0.0431584 -0.0425954 -0.0392460 -0.0412736 0.0570329 0.0472668 0.0408595 0.0766278 0.0665873 0.0502676 1.0563866 0.0606251 -0.0416664 -0.0395211 -0.0417349 -0.0366862 -0.0399988 -0.0443908 -0.0416797 -0.0384807 -0.0430218 -0.0201988 -0.0301997 -0.0473601 -0.0388672 -0.0348657 -0.0451306 -0.0375951 -0.0181792 -0.0267914 -0.0329395 -0.0194783 -0.0272292 -0.0331232 -0.0288702 -0.0252320 0.0322482 -0.0053301 0.0116352 0.0132667 0.0005823 -0.0048298 -0.0119397 0.0056328 0.0043068 0.0243083 -0.0241248 0.0011111 -0.0397697 -0.0283858 -0.0281814 -0.0266411 -0.0165994 -0.0183315 -0.0070362 -0.0256029 -0.0111991 -0.0260991 -0.0125554 0.0172184 0.0095186 0.0058619 -0.0048100 -0.0124131 0.0086463 0.0224944 0.0120190 0.0834451 0.0734152 0.0026905 0.0050650 0.0066403 0.0388515 0.0158606 0.1195260 0.0258663 0.0526256 0.0220696 0.0232791 0.0017791 0.0835845 0.0045382 0.1112624
-0.0328696 -0.0433482 -0.0446130 -0.0374362 -0.0439776 -0.0417550 -0.0452868 -0.0503315 -0.0428816 -0.0429944 -0.0461062 -0.0443257 -0.0444083 -0.0404874 -0.0398071 -0.0399935 0.0771775 0.0457899 0.0426465 0.0568770 0.0702010 0.0567463 0.0606251 1.0565079 -0.0379352 -0.0262421 -0.0401922 -0.0278131 -0.0357010 -0.0415470 -0.0470988 -0.0326927 -0.0495174 -0.0200840 -0.0337313 -0.0401537 -0.0312630 -0.0309271 -0.0382982 -0.0379024 -0.0161603 -0.0284281 -0.0334478 -0.0200737 -0.0183243 -0.0317626 -0.0205901 -0.0343409 0.0290352 -0.0106828 0.0101650 0.0196914 -0.0080346 -0.0040693 -0.0002943 0.0013487 0.0127611 0.0064787 -0.0323345 -0.0121247 -0.0322836 -0.0282192 -0.0278588 -0.0273624 -0.0151168 -0.0267265 -0.0072238 -0.0337001 -0.0070192 -0.0202260 -0.0044760 0.0211517 0.0203610 -0.0072479 -0.0050279 -0.0044239 0.0074714 0.0298180 -0.0004487 0.0730779 0.0631134 -0.0021673 0.0036442 -0.0065387 0.0422271 0.0073831 0.1194888 0.0074733 0.0323293 0.0298146 0.0291691 -0.0029744 0.0775960 0.0091071 0.0976601
0.0299025 0.0303148 0.0295587 0.0303698 0.0347953 0.0325068 0.0309629 0.0319978 0.0360240 0.0296837 0.0330902 0.0294695 0.0313410 0.0318202 0.0285081 0.0304811 -0.0494015 -0.0312826 -0.0300325 -0.0402303 -0.0477905 -0.0362385 -0.0416664 -0.0379352 0.8439166 0.0229152 0.0306187 0.0429860 0.0569798 0.0675724 0.0673968 0.0438048 0.0260937 0.0181306 0.0148546 0.0286518 0.0162147 0.0185050 0.0140936 0.0221785 0.0044115 0.0087152 0.0153540 0.0053571 0.0132824 0.0210632 0.0062340 0.0038201 -0.0457107 -0.0119789 -0.0214462 -0.0232493 -0.0211608 -0.0075055 -0.0156309 -0.0176352 -0.0239802 -0.0229850 0.0068774 -0.0126879 0.0061568 -0.0016314 0.0002440 0.0027433 -0.0059117 0.0061194 -0.0134501 0.0016555 -0.0062303 0.0167394 -0.0139329 -0.0322203 -0.0350956 -0.0117385 -0.0167685 -0.0079560 -0.0256459 -0.0386433 -0.0264378 -0.0786643 -0.0928002 -0.0167427 -0.0153575 -0.0095943 -0.0525557 -0.0308658 -0.1230170 -0.0244518 -0.0571520 -0.0467427 -0.0480363 -0.0153920 -0.0907891 -0.0225190 -0.1093795
0.0248634 0.0221121 0.0233036 0.0220426 0.0256239 0.0255634 0.0255876 0.0294498 0.0275759 0.0270672 0.0252557 0.0233300 0.0233201 0.0210119 0.0236453 0.0296352 -0.0445759 -0.0361195 -0.0248767 -0.0369275 -0.0390467 -0.0229151 -0.0395211 -0.0262421 0.0229152 0.8553931 0.0636316 0.0129230 0.0313718 0.0202775 0.0316501 0.0215417 0.0230136 0.0154486 0.0065966 0.0266115 0.0132690 0.0144527 0.0163537 0.0211278 0.0028700 0.0103487 0.0095607 -0.0012670 0.0054375 0.0183822 0.0078783 -0.0018788 -0.0377753 -0.0028888 -0.0118798 -0.0199500 -0.0060734 -0.0008390 -0.0005049 -0.0202159 -0.0198834 -0.0150055 0.0086775 -0.0069018 0.0198509 0.0085036 0.0090979 -0.0008884 -0.0036725 0.0024621 -0.0162783 -0.0011528 -0.0161566 0.0065377 -0.0158682 -0.0305250 -0.0204282 -0.0077691 -0.0080337 -0.0134369 -0.0189771 -0.0387057 -0.0163444 -0.0627007 -0.0719420 -0.0093657 -0.0201646 -0.0066188 -0.0390432 -0.0178993 -0.1148376 -0.0202347 -0.0472420 -0.0397994 -0.0379991 -0.0101048 -0.0709344 -0.0252025 -0.0925687
0.0271093 0.0282447 0.0331086 0.0302720 0.0332583 0.0321665 0.0323552 0.0332413 0.0333025 0.0295417 0.0314353 0.0290483 0.0341893 0.0289894 0.0323734 0.0313582 -0.0496088 -0.0348294 -0.0247298 -0.0426175 -0.0397552 -0.0314154 -0.0417349 -0.0401922 0.0306187 0.0636316 0.8518355 0.0233201 0.0280333 0.0317084 0.0327797 0.0310632 0.0255035 0.0172601 0.0116013 0.0218728 0.0187063 0.0145654 0.0184640 0.0246890 0.0038434 0.0120865 0.0138284 0.0066407 0.0092745 0.0141878 0.0088898 0.0044495 -0.0454780 -0.0069833 -0.0238290 -0.0179638 -0.0175893 -0.0099510 -0.0107987 -0.0242480 -0.0239114 -0.0122371 0.0052048 -0.0015385 0.0138924 0.0057638 0.0046434 0.0096082 0.0003748 -0.0023444 -0.0117339 0.0021215 -0.0102644 0.0137956 -0.0088102 -0.0338884 -0.0336975 -0.0080071 -0.0089396 -0.0074958 -0.0235899 -0.0392718 -0.0209048 -0.0827170 -0.0890385 -0.0139123 -0.0161519 -0.0105597 -0.0426260 -0.0253760 -0.1199640 -0.0279113 -0.0508761 -0.0466252 -0.0455165 -0.0138144 -0.0830323 -0.0201646 -0.1006146
0.0151109 0.0205797 0.0237090 0.0237865 0.0214217 0.0241374 0.0227077 0.0243398 0.0267090 0.0234587 0.0280088 0.0223803 0.0237827 0.0238375 0.0232737 0.0237515 -0.0337475 -0.0301366 -0.0281313 -0.0367707 -0.0413459 -0.0219524 -0.0366862 -0.0278131 0.0429860 0.0129230 0.0233201 0.8648139 0.0571897 0.0378526 0.0337006 0.0462855 0.0081204 0.0141139 0.0032756 0.0198712 0.0162486 0.0120579 0.0142850 0.0044835 0.0154747 0.0099173 0.0116214 0.0025840 0.0044781 0.0239341 0.0229659 0.0048701 -0.0419566 -0.0122236 -0.0061843 -0.0137262 -0.0081833 0.0080212 -0.0046139 -0.0268880 -0.0166488 -0.0187136 0.0074087 -0.0114621 0.0106250 0.0060561 0.0045224 0.0015996 -0.0047662 -0.0016813 -0.0221909 0.0047494 -0.0123521 0.0118164 -0.0133656 -0.0218018 -0.0141712 -0.0114552 -0.0143417 -0.0080103 -0.0212943 -0.0370318 -0.0213372 -0.0696105 -0.0692382 -0.0150285 -0.0159550 -0.0124071 -0.0441449 -0.0233440 -0.1001745 -0.0236745 -0.0577041 -0.0439698 -0.0430748 -0.0220140 -0.0770327 -0.0228756 -0.0889192
0.0240286 0.0257347 0.0246895 0.0286866 0.0259861 0.0285119 0.0256038 0.0263274 0.0284901 0.0237013 0.0283505 0.0250562 0.0266643 0.0260864 0.0251209 0.0277271 -0.0485276 -0.0292875 -0.0270377 -0.0427859 -0.0456773 -0.0354804 -0.0399988 -0.0357010 0.0569798 0.0313718 0.0280333 0.0571897 0.8593128 0.0490907 0.0429820 0.0591958 0.0162205 0.0159738 0.0063776 0.0205544 0.0136323 0.0180658 0.0171828 0.0120363 0.0085971 -0.0007881 0.0115348 0.0014102 0.0051307 0.0152249 0.0052688 0.0004299 -0.0293471 -0.0105607 -0.0128313 -0.0294970 -0.0074073 0.0029455 -0.0097053 -0.0219525 -0.0190440 -0.0115489 0.0079598 -0.0094806 0.0162220 0.0080607 0.0091795 0.0080828 -0.0061025 0.0023032 -0.0184954 0.0000997 -0.0164501 0.0142619 -0.0133689 -0.0254309 -0.0260657 -0.0089332 -0.0147382 -0.0103993 -0.0199283 -0.0398764 -0.0168366 -0.0703082 -0.0744931 -0.0122958 -0.0216383 -0.0088105 -0.0460511 -0.0328179 -0.1130613 -0.0298595 -0.0492912 -0.0419488 -0.0429350 -0.0198767 -0.0810854 -0.0255897 -0.0951192
0.0220652 0.0282900 0.0297368 0.0274049 0.0291568 0.0292939 0.0302004 0.0268319 0.0322179 0.0275158 0.0279432 0.0287142 0.0278507 0.0261098 0.0283100 0.0297567 -0.0468463 -0.0376015 -0.0352313 -0.0452493 -0.0568905 -0.0390251 -0.0443908 -0.0415470 0.0675724 0.0202775 0.0317084 0.0378526 0.0490907 0.8572488 0.0622820 0.0431136 0.0131034 0.0167923 0.0112609 0.0234837 0.0178468 0.0273994 0.0137730 0.0230511 0.0037000 0.0100617 0.0187005 0.0066737 0.0110345 0.0168879 0.0123295 0.0126160 -0.0424574 -0.0123317 -0.0194576 -0.0177161 -0.0115081 -0.0035789 -0.0021212 -0.0230220 -0.0267973 -0.0181429 0.0027198 -0.0123560 0.0181014 0.0097049 0.0093787 0.0110744 -0.0077072 0.0046019 -0.0136149 0.0128461 -0.0038353 0.0196234 -0.0087151 -0.0330017 -0.0237376 -0.0158827 -0.0198345 0.0022883 -0.0265847 -0.0387283 -0.0229035 -0.0803358 -0.0824295 -0.0099263 -0.0144853 -0.0148907 -0.0435915 -0.0243954 -0.1225902 -0.0254863 -0.0569770 -0.0461068 -0.0453633 -0.0189450 -0.0852795 -0.0228585 -0.1057486
0.0322492 0.0328249 0.0385739 0.0363804 0.0406196 0.0354004 0.0368761 0.0391785 0.0400607 0.0318370 0.0374244 0.0348844 0.0366452 0.0318424 0.0375311 0.0382164 -0.0606976 -0.0422027 -0.0334585 -0.0529089 -0.0525284 -0.0387348 -0.0416797 -0.0470988 0.0673968 0.0316501 0.0327797 0.0337006 0.0429820 0.0622820 0.8430808 0.0407575 0.0236182 0.0208974 0.0130815 0.0338925 0.0236631 0.0251334 0.0264116 0.0248662 0.0080596 0.0094764 0.0232622 0.0078628 0.0154960 0.0276830 0.0116841 0.0109313 -0.0568820 -0.0049563 -0.0191472 -0.0160565 -0.0124536 -0.0036502 -0.0058429 -0.0201401 -0.0320732 -0.0224661 0.0193225 -0.0109977 0.0136085 0.0057826 0.0066429 0.0007984 -0.0033481 0.0029176 -0.0178227 0.0107825 -0.0081999 0.0249806 -0.0133578 -0.0390474 -0.0302595 -0.0079673 -0.0113957 -0.0111514 -0.0266307 -0.0457925 -0.0262222 -0.0900153 -0.0996660 -0.0178582 -0.0229530 -0.0083299 -0.0574044 -0.0330197 -0.1355085 -0.0292995 -0.0626852 -0.0482505 -0.0490212 -0.0193888 -0.1042246 -0.0178472 -0.1215047
0.0232536 0.0256851 0.0210876 0.0244412 0.0259873 0.0230189 0.0252852 0.0261544 0.0284363 0.0239414 0.0251681 0.0233033 0.0249605 0.0231518 0.0219632 0.0294973 -0.0525234 -0.0377153 -0.0322871 -0.0438137 -0.0503523 -0.0342487 -0.0384807 -0.0326927 0.0438048 0.0215417 0.0310632 0.0462855 0.0591958 0.0431136 0.0407575 0.8634359 0.0222070 0.0149319 0.0025333 0.0253862 0.0155668 0.0174569 0.0190555 0.0116463 0.0022893 0.0060559 0.0098661 0.0048251 0.0057369 0.0198066 0.0085355 0.0009423 -0.0406746 -0.0073901 -0.0187709 -0.0144097 -0.0160883 0.0023944 -0.0058227 -0.0171213 -0.0213733 -0.0096929 0.0022457 -0.0044214 0.0142540 0.0142298 0.0138889 -0.0001662 -0.0069290 0.0002658 -0.0060977 0.0012160 -0.0072015 0.0124524 -0.0017233 -0.0250357 -0.0240563 -0.0133458 -0.0177431 0.0023112 -0.0170879 -0.0353899 -0.0246366 -0.0647643 -0.0726738 -0.0130841 -0.0222511 -0.0133231 -0.0412254 -0.0287227 -0.1034131 -0.0297947 -0.0438076 -0.0495434 -0.0504431 -0.0184648 -0.0720383 -0.0137134 -0.0907015
0.0249558 0.0247499 0.0327267 0.0271130 0.0308349 0.0314095 0.0315469 0.0325269 0.0303322 0.0288669 0.0314048 0.0287465 0.0309066 0.0249445 0.0279640 0.0356014 -0.0567027 -0.0370781 -0.0349012 -0.0453892 -0.0551207 -0.0373270 -0.0430218 -0.0495174 0.0260937 0.0230136 0.0255035 0.0081204 0.0162205 0.0131034 0.0236182 0.0222070 0.8380703 0.0171602 0.0188219 0.0372804 0.0193286 0.0297735 0.0308976 0.0315006 0.0082787 0.0149106 0.0212844 0.0081581 0.0147468 0.0152182 0.0055823 0.0128589 -0.0426707 0.0025598 -0.0145570 -0.0233146 -0.0107484 -0.0035841 -0.0073680 -0.0189607 -0.0212478 -0.0174973 0.0185304 -0.0135871 0.0144204 0.0096169 0.0099735 0.0075148 -0.0003002 0.0049698 -0.0088945 0.0100031 -0.0093894 0.0165347 -0.0098850 -0.0294566 -0.0297568 -0.0053455 -0.0111627 -0.0079331 -0.0219198 -0.0378246 -0.0230323 -0.0767108 -0.0774805 -0.0162438 -0.0178288 -0.0101186 -0.0450563 -0.0199361 -0.1254983 -0.0203164 -0.0506198 -0.0385815 -0.0404644 -0.0172847 -0.0909170 -0.0259191 -0.0944994
0.0247796 0.0258784 0.0281420 0.0249675 0.0282815 0.0276035 0.0293697 0.0291476 0.0278356 0.0273435 0.0272885 0.0280969 0.0279222 0.0270820 0.0251108 0.0248088 -0.0258079 -0.0160073 -0.0136921 -0.0213879 -0.0259309 -0.0139396 -0.0201988 -0.0200840 0.0181306 0.0154486 0.0172601 0.0141139 0.0159738 0.0167923 0.0208974 0.0149319 0.0171602 0.9551925 0.0100197 0.0189358 0.0136105 0.0145864 0.0154176 0.0145946 0.0080192 0.0084713 0.0124240 0.0053794 0.0088971 0.0132709 0.0085408 0.0085729 -0.0259767 -0.0014956 -0.0068875 -0.0110448 -0.0055016 -0.0007030 -0.0025141 -0.0110317 -0.0138345 -0.0086885 0.0105703 -0.0043302 0.0123046 0.0084773 0.0088490 0.0031198 0.0000256 0.0047743 -0.0063768 0.0087105 -0.0050094 0.0108101 -0.0065062 -0.0177717 -0.0166706 -0.0021614 -0.0048434 -0.0039295 -0.0111668 -0.0229407 -0.0098762 -0.0513798 -0.0541800 -0.0082396 -0.0109945 -0.0035788 -0.0277886 -0.0157290 -0.0756963 -0.0138758 -0.0326798 -0.0253491 -0.0252050 -0.0088775 -0.0521893 -0.0132959 -0.0644898
0.0116072 0.0143774 0.0147779 0.0157037 0.0122981 0.0107996 0.0152743 0.0148003 0.0129712 0.0120594 0.0144280 0.0142220 0.0102085 0.0128116 0.0158758 0.0181634 -0.0241709 -0.0273222 -0.0257374 -0.0301949 -0.0335290 -0.0217621 -0.0301997 -0.0337313 0.0148546 0.0065966 0.0116013 0.0032756 0.0063776 0.0112609 0.0130815 0.0025333 0.0188219 0.0100197 0.8797949 0.0189548 0.0149767 0.0138074 0.0074065 0.0145194 -0.0018353 -0.0018728 0.0126204 -0.0086980 0.0026354 0.0017907 0.0012520 0.0020983 -0.0233270 -0.0065039 -0.0063388 -0.0167884 -0.0055773 -0.0022573 -0.0065244 -0.0135921 -0.0052636 -0.0014176 0.0052485 -0.0025736 0.0045475 -0.0017504 -0.0019585 0.0015177 -0.0054115 0.0013242 -0.0112453 0.0031138 -0.0078266 0.0117139 -0.0061511 -0.0151866 -0.0224765 -0.0060747 -0.0102799 -0.0046536 -0.0071080 -0.0181063 -0.0047634 -0.0491471 -0.0496231 -0.0064012 -0.0027490 -0.0006850 -0.0206618 -0.0154069 -0.0733089 -0.0171303 -0.0231010 -0.0289393 -0.0293672 -0.0087065 -0.0541611 -0.0082980 -0.0582308
0.0302607 0.0318061 0.0376953 0.0311832 0.0370739 0.0327743 0.0369961 0.0386657 0.0372725 0.0372274 0.0379769 0.0384381 0.0375835 0.0363875 0.0325739 0.0371038 -0.0518874 -0.0390588 -0.0261880 -0.0437542 -0.0511001 -0.0303050 -0.0473601 -0.0401537 0.0286518 0.0266115 0.0218728 0.0198712 0.0205544 0.0234837 0.0338925 0.0253862 0.0372804 0.0189358 0.0189548 0.8507476 0.0281490 0.0249767 0.0298471 0.0264995 0.0089871 0.0099513 0.0220778 0.0048695 0.0109802 0.0182390 0.0126129 0.0048172 -0.0412582 -0.0021626 -0.0145308 -0.0233368 -0.0067248 -0.0028874 -0.0106788 -0.0102468 -0.0275223 -0.0195932 0.0178692 -0.0128683 0.0174322 0.0146000 0.0136909 0.0027565 0.0040710 0.0109437 -0.0134068 0.0068528 -0.0086229 0.0228671 -0.0157582 -0.0289238 -0.0271538 -0.0103493 -0.0100539 -0.0084788 -0.0222504 -0.0382767 -0.0209033 -0.0903718 -0.0916024 -0.0131623 -0.0175042 -0.0111902 -0.0485818 -0.0329776 -0.1297074 -0.0260688 -0.0604812 -0.0482019 -0.0483618 -0.0194223 -0.0956357 -0.0289539 -0.1150736
0.0211549 0.0195766 0.0241998 0.0221195 0.0229539 0.0174687 0.0185811 0.0223223 0.0242411 0.0199057 0.0250457 0.0229999 0.0240455 0.0233516 0.0205492 0.0228420 -0.0325125 -0.0269291 -0.0293778 -0.0241146 -0.0452444 -0.0294386 -0.0388672 -0.0312630 0.0162147 0.0132690 0.0187063 0.0162486 0.0136323 0.0178468 0.0236631 0.0155668 0.0193286 0.0136105 0.0149767 0.0281490 0.8612382 0.0176686 0.0256677 0.0190176 -0.0014629 0.0002086 0.0128528 -0.0018409 0.0108503 0.0090839 0.0001896 0.0025709 -0.0332362 -0.0063322 -0.0119315 -0.0107809 -0.0114702 -0.0003760 -0.0006032 -0.0234336 -0.0218664 -0.0142473 0.0139337 -0.0052129 0.0078668 0.0030266 0.0042477 -0.0012696 0.0051537 0.0016674 -0.0088861 0.0033124 -0.0057691 0.0184336 -0.0101119 -0.0196805 -0.0204877 -0.0051180 -0.0050599 -0.0046722 -0.0141966 -0.0339462 -0.0191260 -0.0786674 -0.0803009 -0.0134132 -0.0202514 -0.0035293 -0.0313297 -0.0254849 -0.0993471 -0.0132373 -0.0358487 -0.0357109 -0.0352482 -0.0136502 -0.0746212 -0.0159455 -0.0852807
0.0218849 0.0252964 0.0224509 0.0266621 0.0260828 0.0220039 0.0242955 0.0247068 0.0262166 0.0247216 0.0249104 0.0233931 0.0260295 0.0227487 0.0267713 0.0265408 -0.0346769 -0.0314922 -0.0301112 -0.0379561 -0.0403766 -0.0248258 -0.0348657 -0.0309271 0.0185050 0.0144527 0.0145654 0.0120579 0.0180658 0.0273994 0.0251334 0.0174569 0.0297735 0.0145864 0.0138074 0.0249767 0.0176686 0.8692220 0.0229138 0.0261837 0.0025675 0.0113261 0.0209794 0.0037311 0.0062519 0.0143951 0.0094086 0.0037946 -0.0358617 -0.0010310 -0.0098448 -0.0115514 -0.0092579 -0.0054365 -0.0007685 -0.0154660 -0.0221102 -0.0117595 0.0107066 -0.0148722 0.0112327 0.0053448 0.0054477 0.0017944 -0.0050077 0.0069111 -0.0079988 0.0036675 -0.0025341 0.0202037 -0.0105672 -0.0306143 -0.0203338 -0.0038666 -0.0093981 -0.0110736 -0.0197715 -0.0229991 -0.0141175 -0.0709838 -0.0838891 -0.0107920 -0.0191578 -0.0015543 -0.0331702 -0.0289832 -0.1016364 -0.0190396 -0.0406605 -0.0287712 -0.0294066 -0.0188158 -0.0771259 -0.0201872 -0.0888770
0.0246506 0.0241440 0.0277676 0.0266974 0.0310130 0.0208547 0.0269423 0.0279485 0.0257821 0.0287453 0.0289247 0.0261659 0.0278857 0.0232702 0.0254565 0.0261712 -0.0444783 -0.0349474 -0.0325033 -0.0389362 -0.0464408 -0.0367900 -0.0451306 -0.0382982 0.0140936 0.0163537 0.0184640 0.0142850 0.0171828 0.0137730 0.0264116 0.0190555 0.0308976 0.0154176 0.0074065 0.0298471 0.0256677 0.0229138 0.8481734 0.0228211 0.0023037 0.0041596 0.0124709 0.0088672 0.0052808 0.0228160 0.0074615 0.0116592 -0.0457977 -0.0001127 -0.0102136 -0.0090201 -0.0114275 -0.0034856 0.0032622 -0.0134154 -0.0169268 -0.0213430 0.0123050 -0.0174575 0.0152397 0.0066655 0.0059918 0.0073983 0.0022599 0.0046030 -0.0143201 0.0096687 -0.0113115 0.0065226 -0.0151206 -0.0298512 -0.0291037 -0.0058526 -0.0080210 -0.0107843 -0.0105355 -0.0378401 -0.0141395 -0.0652114 -0.0731069 -0.0175702 -0.0238255 -0.0017516 -0.0453840 -0.0212660 -0.1159206 -0.0242232 -0.0527755 -0.0322582 -0.0332695 -0.0122472 -0.0823387 -0.0281685 -0.0871453
